[gd_scene load_steps=2 format=3 uid="uid://b2et1a8yrm13u"]

[ext_resource type="Material" uid="uid://dnim76kusklbk" path="res://Materials/floor_mat.tres" id="1_fy76v"]

[node name="Floor" type="CSGBox3D" groups=["Hazard"]]
transform = Transform3D(1, 0, 0, 0, 1, 0, 0, 0, 1, 0, -4, 0)
use_collision = true
size = Vector3(30, 8, 5)
material = ExtResource("1_fy76v")

[node name="Wall" type="CSGBox3D" parent="."]
transform = Transform3D(0.959486, -0.281755, 0, 0.281755, 0.959486, 0, 0, 0, 1, -13.8927, 6.06005, 0)
size = Vector3(4, 10, 4)
material = ExtResource("1_fy76v")

[node name="Wall2" type="CSGBox3D" parent="."]
transform = Transform3D(0.866174, 0.499743, 0, -0.499743, 0.866174, 0, 0, 0, 1, -13.2091, 14.2054, 0)
size = Vector3(4, 10, 4)
material = ExtResource("1_fy76v")

[node name="Wall3" type="CSGBox3D" parent="."]
transform = Transform3D(0.987507, 0.157572, 0, -0.157572, 0.987507, 0, 0, 0, 1, 13.7301, 8.49736, 0)
size = Vector3(4, 10, 4)
material = ExtResource("1_fy76v")

[node name="Wall4" type="CSGBox3D" parent="."]
transform = Transform3D(0.953743, -0.300623, 0, 0.300623, 0.953743, 0, 0, 0, 1, 13.9212, 15.5225, 0)
size = Vector3(4, 10, 4)
material = ExtResource("1_fy76v")

[node name="Ceiling" type="CSGBox3D" parent="."]
transform = Transform3D(-0.352528, 0.935801, 0, -0.935801, -0.352528, 0, 0, 0, 1, -7.76102, 18.8516, 0)
size = Vector3(4, 10, 4)
material = ExtResource("1_fy76v")

[node name="Ceiling2" type="CSGBox3D" parent="."]
transform = Transform3D(0.189507, 0.981879, 0, -0.981879, 0.189507, 0, 0, 0, 1, 0.76829, 18.1283, 0)
size = Vector3(4, 10, 4)
material = ExtResource("1_fy76v")

[node name="Ceiling3" type="CSGBox3D" parent="."]
transform = Transform3D(-0.187398, 0.982284, 0, -0.982284, -0.187398, 0, 0, 0, 1, 9.20454, 18.6126, 0)
size = Vector3(4, 10, 4)
material = ExtResource("1_fy76v")

[node name="BGSphere" type="CSGSphere3D" parent="."]
transform = Transform3D(1, 0, 0, 0, 1, 0, 0, 0, 1, -9.83888, 6.7833, -5.11864)
radius = 3.0
material = ExtResource("1_fy76v")

[node name="BGSphere2" type="CSGSphere3D" parent="."]
transform = Transform3D(1, 0, 0, 0, 1, 0, 0, 0, 1, 1.98151, 5.37472, -5.79961)
radius = 3.0
material = ExtResource("1_fy76v")

[node name="BGSphere3" type="CSGSphere3D" parent="."]
transform = Transform3D(1, 0, 0, 0, 1, 0, 0, 0, 1, 10.8706, 11.554, -3.81186)
radius = 3.0
material = ExtResource("1_fy76v")

[node name="BGSphere4" type="CSGSphere3D" parent="."]
transform = Transform3D(1, 0, 0, 0, 1, 0, 0, 0, 1, -3.34391, 9.14088, -7.15897)
radius = 2.0
material = ExtResource("1_fy76v")

[node name="BGSphere5" type="CSGSphere3D" parent="."]
transform = Transform3D(1, 0, 0, 0, 1, 0, 0, 0, 1, 6.74483, 7.04603, -5.0004)
radius = 2.0
material = ExtResource("1_fy76v")

[node name="BGWall" type="CSGBox3D" parent="."]
transform = Transform3D(0.96144, -0.274993, 0.00356166, 0.243827, 0.858325, 0.451471, -0.127208, -0.433194, 0.892279, -11.2314, 6.61556, -5.0888)
size = Vector3(4, 10, 4)
material = ExtResource("1_fy76v")

[node name="BGWall2" type="CSGBox3D" parent="."]
transform = Transform3D(0.75153, 0.544994, 0.371732, -0.489891, 0.838436, -0.238814, -0.441826, -0.00263235, 0.897097, -11.2314, 13.3086, -5.0888)
size = Vector3(4, 10, 4)
material = ExtResource("1_fy76v")

[node name="BGWall3" type="CSGBox3D" parent="."]
transform = Transform3D(0.999487, 0.0310197, -0.00797971, -0.0318136, 0.932559, -0.359612, -0.00371344, 0.359681, 0.933068, -3.94616, 11.7744, -9.24174)
size = Vector3(16.2651, 14.6099, 4)
material = ExtResource("1_fy76v")

[node name="BGWall4" type="CSGBox3D" parent="."]
transform = Transform3D(0.96144, -0.274993, 0.00356166, 0.243827, 0.858325, 0.451471, -0.127208, -0.433194, 0.892279, -11.2314, 6.61556, -5.0888)
size = Vector3(4, 10, 4)
material = ExtResource("1_fy76v")

[node name="BGWall5" type="CSGBox3D" parent="."]
transform = Transform3D(0.966498, 0.12114, -0.226289, -0.0255637, 0.922667, 0.38475, 0.255398, -0.366075, 0.894853, 3.21812, 6.50781, -7.49716)
size = Vector3(24.2313, 14.6099, 4)
material = ExtResource("1_fy76v")

[node name="BGWall6" type="CSGBox3D" parent="."]
transform = Transform3D(0.779777, 0.103275, -0.61748, -0.281971, 0.938534, -0.199111, 0.558964, 0.329374, 0.760968, 12.2396, 13.0345, -5.0888)
size = Vector3(4, 10, 4)
material = ExtResource("1_fy76v")

[node name="BGWall7" type="CSGBox3D" parent="."]
transform = Transform3D(0.968791, -0.142653, -0.202718, 0.117905, 0.984562, -0.129367, 0.218043, 0.101428, 0.970654, 6.69853, 14.03, -4.8053)
size = Vector3(6.02734, 10, 4)
material = ExtResource("1_fy76v")
